[4657, 9]
[54, 0]
[4034, 8]
[2252, 4]
[4555, 9]
[3334, 6]
[1725, 3]
[2382, 4]
[1263, 2]
[4549, 9]
[3274, 6]
[3365, 6]
[1505, 3]
[1356, 2]
[4680, 9]
[4727, 9]
[789, 1]
[1030, 2]
[764, 1]
[2731, 5]
[2002, 4]
[225, 0]
[738, 1]
[4811, 9]
[3591, 7]
[4344, 8]
[3898, 7]
[2859, 5]
[4656, 9]
[1559, 3]
[1249, 2]
[1342, 2]
[1340, 2]
[260, 0]
[4545, 9]
[3208, 6]
[865, 1]
[1782, 3]
[1388, 2]
[1514, 3]
[3038, 6]
[4358, 8]
[1845, 3]
[3071, 6]
[1796, 3]
[4283, 8]
[4100, 8]
[2854, 5]
[4574, 9]
[899, 1]
[702, 1]
[1897, 3]
[3379, 6]
[394, 0]
[2196, 4]
[2167, 4]
[2688, 5]
[4068, 8]
[4667, 9]
[2203, 4]
[893, 1]
[820, 1]
[4314, 8]
[1269, 2]
[2150, 4]
[2020, 4]
[3779, 7]
[9, 0]
[4728, 9]
[1860, 3]
[1288, 2]
[4203, 8]
[3390, 6]
[17, 0]
[3813, 7]
[4070, 8]
[854, 1]
[1053, 2]
[4398, 8]
[27, 0]
[2028, 4]
[3174, 6]
[2322, 4]
[625, 1]
[2044, 4]
[4690, 9]
[4006, 8]
[1598, 3]
[103, 0]
[3587, 7]
[4101, 8]
[3075, 6]
[4859, 9]
[2508, 5]
[4812, 9]
[1066, 2]
[2233, 4]
[4650, 9]
[1395, 2]
[2015, 4]
[3547, 7]
[4274, 8]
[814, 1]
[3295, 6]
[1197, 2]
[1843, 3]
[612, 1]
[1346, 2]
[1380, 2]
[1797, 3]
[2112, 4]
[801, 1]
[2590, 5]
[3870, 7]
[3554, 7]
[531, 1]
[4585, 9]
[1553, 3]
[4796, 9]
[4109, 8]
[190, 0]
[337, 0]
[1734, 3]
[4665, 9]
[134, 0]
[1065, 2]
[344, 0]
[653, 1]
[4701, 9]
[2194, 4]
[2601, 5]
[1841, 3]
[4045, 8]
[2898, 5]
[2130, 4]
[2132, 4]
[1193, 2]
[3599, 7]
[38, 0]
[839, 1]
[3762, 7]
[3525, 7]
[1175, 2]
[1359, 2]
[2515, 5]
[1747, 3]
[4654, 9]
[3593, 7]
[2612, 5]
[552, 1]
[1641, 3]
[4192, 8]
[4265, 8]
[3509, 7]
[3886, 7]
[2716, 5]
[2296, 4]
[830, 1]
[828, 1]
[4178, 8]
[4108, 8]
[3560, 7]
[4351, 8]
[3285, 6]
[767, 1]
[3237, 6]
[4294, 8]
[1530, 3]
[4726, 9]
[1230, 2]
[1023, 2]
[4087, 8]
[4077, 8]
[3388, 6]
[3372, 6]
[4507, 9]
[771, 1]
[561, 1]
[1721, 3]
[2643, 5]
[1154, 2]
[3631, 7]
[2223, 4]
[2102, 4]
[2131, 4]
[1629, 3]
[3689, 7]
[3077, 6]
[3624, 7]
[2291, 4]
[2662, 5]
[1744, 3]
[4826, 9]
[3884, 7]
[4147, 8]
[4266, 8]
[2275, 4]
[1375, 2]
[4599, 9]
[4768, 9]
[769, 1]
[4529, 9]
[3657, 7]
[2008, 4]
[2270, 4]
[610, 1]
[1153, 2]
[304, 0]
[1127, 2]
[1584, 3]
[2375, 4]
[4268, 8]
[2127, 4]
[81, 0]
[3091, 6]
[3029, 6]
[3849, 7]
[745, 1]
[536, 1]
[4856, 9]
[1100, 2]
[3358, 6]
[2727, 5]
[2622, 5]
[1186, 2]
[1191, 2]
[3050, 6]
[3542, 7]
[2690, 5]
[3343, 6]
[1270, 2]
[3526, 7]
[2236, 4]
[39, 0]
[169, 0]
[50, 0]
[4521, 9]
[1643, 3]
[4542, 9]
[1275, 2]
[2068, 4]
[4833, 9]
[4032, 8]
[4181, 8]
[4517, 9]
[4153, 8]
[3516, 7]
[1835, 3]
[4216, 8]
[2350, 4]
[537, 1]
[3315, 6]
[2799, 5]
[1632, 3]
[2723, 5]
[3846, 7]
[2298, 4]
[810, 1]
[104, 0]
[4166, 8]
[2516, 5]
[3890, 7]
[1369, 2]
[3825, 7]
[1873, 3]
[4162, 8]
[1534, 3]
[685, 1]
[4233, 8]
[3239, 6]
[2160, 4]
[3294, 6]
[2514, 5]
[3219, 6]
[4582, 9]
[52, 0]
[684, 1]
[3850, 7]
[3515, 7]
[358, 0]
[391, 0]
[2759, 5]
[67, 0]
[2006, 4]
[2179, 4]
[3022, 6]
[2345, 4]
[4737, 9]
[2284, 4]
[4094, 8]
[2728, 5]
[4160, 8]
[4642, 9]
[4136, 8]
[873, 1]
[246, 0]
[2720, 5]
[3063, 6]
[1396, 2]
[4047, 8]
[2244, 4]
[1278, 2]
[2027, 4]
[3261, 6]
[1622, 3]
[1551, 3]
[3199, 6]
[555, 1]
[2706, 5]
[2596, 5]
[4510, 9]
[630, 1]
[1801, 3]
[641, 1]
[3527, 7]
[3370, 6]
[836, 1]
[2569, 5]
[2745, 5]
[4729, 9]
[580, 1]
[4598, 9]
[1795, 3]
[798, 1]
[4830, 9]
[2301, 4]
[1864, 3]
[4789, 9]
[1125, 2]
[1751, 3]
[1243, 2]
[2370, 4]
[605, 1]
[3291, 6]
[3188, 6]
[12, 0]
[3720, 7]
[1172, 2]
[2209, 4]
[2039, 4]
[4759, 9]
[3222, 6]
[2059, 4]
[1543, 3]
[2003, 4]
[4751, 9]
[175, 0]
[1656, 3]
[4312, 8]
[4823, 9]
[3211, 6]
[4872, 9]
[1526, 3]
[3506, 7]
[3625, 7]
[36, 0]
[1228, 2]
[3380, 6]
[288, 0]
[3644, 7]
[2535, 5]
[510, 1]
[841, 1]
[101, 0]
[787, 1]
[1268, 2]
[4082, 8]
[3269, 6]
[2304, 4]
[747, 1]
[3242, 6]
[2045, 4]
[3676, 7]
[4535, 9]
[2239, 4]
[3205, 6]
[505, 1]
[2169, 4]
[2627, 5]
[2279, 4]
[1126, 2]
[3134, 6]
[322, 0]
[2348, 4]
[1155, 2]
[3851, 7]
[4822, 9]
[1351, 2]
[1537, 3]
[1290, 2]
[3643, 7]
[2042, 4]
[3130, 6]
[577, 1]
[1878, 3]
[1772, 3]
[3550, 7]
[3821, 7]
[4719, 9]
[4325, 8]
[812, 1]
[1895, 3]
[2079, 4]
[2581, 5]
[2091, 4]
[3146, 6]
[4692, 9]
[4734, 9]
[1542, 3]
[2358, 4]
[3603, 7]
[183, 0]
[2618, 5]
[2049, 4]
[3682, 7]
[3037, 6]
[3753, 7]
[4621, 9]
[1685, 3]
[3754, 7]
[868, 1]
[1073, 2]
[2767, 5]
[1517, 3]
[3087, 6]
[3782, 7]
[42, 0]
[1545, 3]
[3588, 7]
[3520, 7]
[4674, 9]
[3709, 7]
[2770, 5]
[4338, 8]
[2876, 5]
[1776, 3]
[514, 1]
[1090, 2]
[55, 0]
[275, 0]
[2628, 5]
[3665, 7]
[2692, 5]
[114, 0]
[1798, 3]
[2856, 5]
[4050, 8]
[1339, 2]
[1274, 2]
[2783, 5]
[2174, 4]
[264, 0]
[1218, 2]
[1306, 2]
[357, 0]
[3045, 6]
[342, 0]
[1321, 2]
[3183, 6]
[379, 0]
[51, 0]
[3244, 6]
[3677, 7]
[1002, 2]
[1115, 2]
[760, 1]
[1862, 3]
[1567, 3]
[2866, 5]
[4503, 9]
[615, 1]
[3559, 7]
[4707, 9]
[855, 1]
[1563, 3]
[4877, 9]
[1024, 2]
[2177, 4]
[3217, 6]
[2230, 4]
[19, 0]
[2751, 5]
[2138, 4]
[4300, 8]
[3035, 6]
[3878, 7]
[1502, 3]
[1900, 3]
[2548, 5]
[766, 1]
[2272, 4]
[3391, 6]
[1308, 2]
[3032, 6]
[2781, 5]
[213, 0]
[4052, 8]
[1060, 2]
[1244, 2]
[1617, 3]
[2711, 5]
[2200, 4]
[3504, 7]
[1683, 3]
[3807, 7]
[1082, 2]
[3210, 6]
[2222, 4]
[4288, 8]
[1550, 3]
[1701, 3]
[4628, 9]
[4791, 9]
[4029, 8]
[1291, 2]
[658, 1]
[691, 1]
[2309, 4]
[4704, 9]
[215, 0]
[4022, 8]
[397, 0]
[185, 0]
[4028, 8]
[4133, 8]
[74, 0]
[2532, 5]
[2894, 5]
[2264, 4]
[3769, 7]
[89, 0]
[1732, 3]
[2726, 5]
[4774, 9]
[1097, 2]
[1177, 2]
[1826, 3]
[1370, 2]
[670, 1]
[3026, 6]
[2771, 5]
[3775, 7]
[2702, 5]
[1286, 2]
[1856, 3]
[2868, 5]
[2737, 5]
[389, 0]
[1842, 3]
[728, 1]
[1684, 3]
[4804, 9]
[1336, 2]
[211, 0]
[1050, 2]
[4518, 9]
[44, 0]
[1038, 2]
[4336, 8]
[662, 1]
[1719, 3]
[3267, 6]
[507, 1]
[3786, 7]
[4772, 9]
[4235, 8]
[1150, 2]
[4630, 9]
[700, 1]
[1827, 3]
[1213, 2]
[3121, 6]
[3298, 6]
[2665, 5]
[1635, 3]
[2598, 5]
[3067, 6]
[2804, 5]
[340, 0]
[2253, 4]
[4807, 9]
[4128, 8]
[1805, 3]
[1586, 3]
[4684, 9]
[3860, 7]
[2154, 4]
[3900, 7]
[2164, 4]
[3137, 6]
[367, 0]
[3095, 6]
[848, 1]
[166, 0]
[2580, 5]
[2621, 5]
[2539, 5]
[135, 0]
[1850, 3]
[3765, 7]
[3142, 6]
[2356, 4]
[4009, 8]
[4278, 8]
[3123, 6]
[2880, 5]
[4792, 9]
[4573, 9]
[3865, 7]
[4385, 8]
[1113, 2]
[1008, 2]
[3126, 6]
[2192, 4]
[23, 0]
[827, 1]
[1045, 2]
[2611, 5]
[875, 1]
[2073, 4]
[131, 0]
[3014, 6]
[3363, 6]
[3805, 7]
[1740, 3]
[880, 1]
[3186, 6]
[1762, 3]
[553, 1]
[3817, 7]
[4184, 8]
[2790, 5]
[3592, 7]
[1707, 3]
[3185, 6]
[1037, 2]
[1219, 2]
[2071, 4]
[720, 1]
[1234, 2]
[4096, 8]
[4682, 9]
[3007, 6]
[1247, 2]
[2126, 4]
[2010, 4]
[725, 1]
[3324, 6]
[4611, 9]
[283, 0]
[2715, 5]
[3345, 6]
[3342, 6]
[1523, 3]
[706, 1]
[1693, 3]
[770, 1]
[40, 0]
[562, 1]
[4003, 8]
[3722, 7]
[3564, 7]
[547, 1]
[1311, 2]
[776, 1]
[1162, 2]
[3008, 6]
[3802, 7]
[1722, 3]
[2509, 5]
[516, 1]
[2161, 4]
[611, 1]
[1033, 2]
[1583, 3]
[2700, 5]
[2629, 5]
[1080, 2]
[1202, 2]
[4280, 8]
[2294, 4]
[1592, 3]
[781, 1]
[3109, 6]
[4513, 9]
[632, 1]
[4210, 8]
[4884, 9]
[1831, 3]
[2763, 5]
[1661, 3]
[1648, 3]
[4603, 9]
[3818, 7]
[2227, 4]
[3727, 7]
[1310, 2]
[1149, 2]
[511, 1]
[3873, 7]
[724, 1]
[2818, 5]
[3122, 6]
[4595, 9]
[3155, 6]
[3025, 6]
[220, 0]
[1118, 2]
[1711, 3]
[4714, 9]
[633, 1]
[1738, 3]
[775, 1]
[3138, 6]
[4390, 8]
[1042, 2]
[1300, 2]
[2093, 4]
[2555, 5]
[284, 0]
[1585, 3]
[361, 0]
[1129, 2]
[4001, 8]
[1251, 2]
[3031, 6]
[3763, 7]
[2813, 5]
[4272, 8]
[4041, 8]
[3308, 6]
[154, 0]
[2551, 5]
[2217, 4]
[2117, 4]
[3729, 7]
[4389, 8]
[4519, 9]
[2803, 5]
[1879, 3]
[887, 1]
[2325, 4]
[4644, 9]
[203, 0]
[3797, 7]
[4608, 9]
[4198, 8]
[2341, 4]
[3361, 6]
[4226, 8]
[360, 0]
[4379, 8]
[4157, 8]
[2234, 4]
[3760, 7]
[1361, 2]
[3723, 7]
[4631, 9]
[1009, 2]
[2554, 5]
[308, 0]
[3577, 7]
[390, 0]
[1688, 3]
[2338, 4]
[26, 0]
[1051, 2]
[1727, 3]
[1016, 2]
[3863, 7]
[25, 0]
[1, 0]
[3711, 7]
[3117, 6]
[4010, 8]
[704, 1]
[1625, 3]
[3115, 6]
[2885, 5]
[2129, 4]
[808, 1]
[3517, 7]
[654, 1]
[1058, 2]
[3619, 7]
[3090, 6]
[1753, 3]
[1854, 3]
[4139, 8]
[2147, 4]
[2603, 5]
[1227, 2]
[165, 0]
[2635, 5]
[83, 0]
[4515, 9]
[377, 0]
[4251, 8]
[3756, 7]
[2115, 4]
[1324, 2]
[4248, 8]
[1014, 2]
[1779, 3]
[2778, 5]
[4565, 9]
[645, 1]
[1167, 2]
[3683, 7]
[4888, 9]
[4219, 8]
[2713, 5]
[2718, 5]
[1331, 2]
[4240, 8]
[128, 0]
[4183, 8]
[1208, 2]
[753, 1]
[123, 0]
[1232, 2]
[4880, 9]
[243, 0]
[4669, 9]
[3012, 6]
[1099, 2]
[1692, 3]
[2831, 5]
[1899, 3]
[265, 0]
[3811, 7]
[64, 0]
[4762, 9]
[3623, 7]
[99, 0]
[4784, 9]
[4627, 9]
[2507, 5]
[2180, 4]
[4643, 9]
[1280, 2]
[331, 0]
[4249, 8]
[2389, 4]
[1183, 2]
[1785, 3]
[3868, 7]
[1774, 3]
[2619, 5]
[200, 0]
[1894, 3]
[3347, 6]
[4186, 8]
[2023, 4]
[1028, 2]
[2191, 4]
[3704, 7]
[1718, 3]
[1746, 3]
[1595, 3]
[2067, 4]
[2365, 4]
[2530, 5]
[3054, 6]
[2250, 4]
[3350, 6]
[4020, 8]
[1621, 3]
[2537, 5]
[588, 1]
[120, 0]
[2280, 4]
[2399, 4]
[2202, 4]
[4863, 9]
[6, 0]
[2503, 5]
[1616, 3]
[3094, 6]
[1224, 2]
[1645, 3]
[147, 0]
[763, 1]
[2288, 4]
[2892, 5]
[1054, 2]
[1355, 2]
[3696, 7]
[2577, 5]
[4378, 8]
[2219, 4]
[660, 1]
[1691, 3]
[4718, 9]
[4756, 9]
[3523, 7]
[132, 0]
[3070, 6]
[3703, 7]
[4793, 9]
[1588, 3]
[825, 1]
[1135, 2]
[4054, 8]
[1619, 3]
[3073, 6]
[4061, 8]
[2224, 4]
[2812, 5]
[278, 0]
[3230, 6]
[1755, 3]
[2787, 5]
[4743, 9]
[843, 1]
[4148, 8]
[144, 0]
[2693, 5]
[3539, 7]
[4825, 9]
[616, 1]
[4331, 8]
[2374, 4]
[2756, 5]
[4721, 9]
[3302, 6]
[3595, 7]
[1784, 3]
[3233, 6]
[94, 0]
[115, 0]
[1757, 3]
[523, 1]
[3667, 7]
[2354, 4]
[399, 0]
[606, 1]
[59, 0]
[3841, 7]
[3674, 7]
[1267, 2]
[202, 0]
[2108, 4]
[32, 0]
[327, 0]
[2183, 4]
[3781, 7]
[4298, 8]
[2208, 4]
[4757, 9]
[1807, 3]
[1145, 2]
[3815, 7]
[3399, 6]
[329, 0]
[4159, 8]
[1572, 3]
[4315, 8]
[2744, 5]
[3627, 7]
[4023, 8]
[1820, 3]
[71, 0]
[4055, 8]
[2355, 4]
[3373, 6]
[3793, 7]
[4323, 8]
[1532, 3]
[576, 1]
[2697, 5]
[2048, 4]
[1562, 3]
[3173, 6]
[4326, 8]
[3234, 6]
[188, 0]
[4005, 8]
[1393, 2]
[1885, 3]
[2684, 5]
[61, 0]
[2094, 4]
[4664, 9]
[3628, 7]
[4140, 8]
[3730, 7]
[3293, 6]
[4746, 9]
[1091, 2]
[251, 0]
[2574, 5]
[3739, 7]
[2218, 4]
[1792, 3]
[113, 0]
[4345, 8]
[678, 1]
[3367, 6]
[2075, 4]
[1139, 2]
[1010, 2]
[2679, 5]
[3776, 7]
[1857, 3]
[3876, 7]
[1199, 2]
[2762, 5]
[1316, 2]
[2641, 5]
[193, 0]
[1705, 3]
[1589, 3]
[3622, 7]
[1005, 2]
[2797, 5]
[3118, 6]
[3551, 7]
[3023, 6]
[2875, 5]
[372, 0]
[1207, 2]
[2805, 5]
[4732, 9]
[659, 1]
[4368, 8]
[648, 1]
[2848, 5]
[3238, 6]
[4659, 9]
[4869, 9]
[4530, 9]
[4171, 8]
[791, 1]
[4577, 9]
[3010, 6]
[4706, 9]
[4578, 9]
[3634, 7]
[3549, 7]
[620, 1]
[4259, 8]
[4881, 9]
[622, 1]
[279, 0]
[4222, 8]
[1279, 2]
[831, 1]
[2571, 5]
[3708, 7]
[1708, 3]
[1846, 3]
[4277, 8]
[2061, 4]
[1571, 3]
[1039, 2]
[2269, 4]
[709, 1]
[1022, 2]
[1503, 3]
[2575, 5]
[652, 1]
[1868, 3]
[4637, 9]
[4231, 8]
[2034, 4]
[2724, 5]
[4343, 8]
[2096, 4]
[350, 0]
[4547, 9]
[1168, 2]
[2888, 5]
[1093, 2]
[122, 0]
[1262, 2]
[2742, 5]
[1031, 2]
[886, 1]
[2874, 5]
[2231, 4]
[1384, 2]
[1334, 2]
[1225, 2]
[4046, 8]
[2811, 5]
[4112, 8]
[1570, 3]
[1601, 3]
[4539, 9]
[4661, 9]
[3589, 7]
[1667, 3]
[186, 0]
[3246, 6]
[1036, 2]
[751, 1]
[2881, 5]
[4307, 8]
[2326, 4]
[2774, 5]
[862, 1]
[1504, 3]
[3533, 7]
[4572, 9]
[3544, 7]
[626, 1]
[518, 1]
[515, 1]
[4057, 8]
[2597, 5]
[1671, 3]
[4262, 8]
[779, 1]
[3305, 6]
[1146, 2]
[3768, 7]
[3364, 6]
[2343, 4]
[699, 1]
[1266, 2]
[4893, 9]
[869, 1]
[4117, 8]
[4604, 9]
[4558, 9]
[400, 0]
[1119, 2]
[3114, 6]
[4119, 8]
[73, 0]
[2796, 5]
[2769, 5]
[362, 0]
[1383, 2]
[4065, 8]
[2864, 5]
[3153, 6]
[46, 0]
[1295, 2]
[686, 1]
[4695, 9]
[398, 0]
[729, 1]
[2211, 4]
[1565, 3]
[392, 0]
[4548, 9]
[3882, 7]
[3354, 6]
[3092, 6]
[1372, 2]
[1556, 3]
[191, 0]
[1654, 3]
[3397, 6]
[4270, 8]
[4624, 9]
[3512, 7]
[656, 1]
[857, 1]
[261, 0]
[551, 1]
[1142, 2]
[4591, 9]
[3798, 7]
[617, 1]
[3888, 7]
[3742, 7]
[3503, 7]
[1743, 3]
[102, 0]
[348, 0]
[4546, 9]
[1838, 3]
[4066, 8]
[4622, 9]
[544, 1]
[1241, 2]
[2379, 4]
[4269, 8]
[714, 1]
[2315, 4]
[815, 1]
[2022, 4]
[3338, 6]
[4264, 8]
[2346, 4]
[2078, 4]
[3221, 6]
[1048, 2]
[4524, 9]
[3752, 7]
[2800, 5]
[4586, 9]
[1883, 3]
[1823, 3]
[4348, 8]
[298, 0]
[3809, 7]
[795, 1]
[347, 0]
[3048, 6]
[1235, 2]
[713, 1]
[1703, 3]
[2528, 5]
[287, 0]
[2257, 4]
[3250, 6]
[4075, 8]
[832, 1]
[1623, 3]
[746, 1]
[4021, 8]
[4357, 8]
[4636, 9]
[2709, 5]
[2377, 4]
[2081, 4]
[1847, 3]
[4541, 9]
[3179, 6]
[3788, 7]
[1658, 3]
[388, 0]
[2672, 5]
[1793, 3]
[4526, 9]
[3255, 6]
[4396, 8]
[2604, 5]
[826, 1]
[3353, 6]
[2262, 4]
[4110, 8]
[818, 1]
[3328, 6]
[4206, 8]
[1358, 2]
[2562, 5]
[2035, 4]
[4553, 9]
[4800, 9]
[3059, 6]
[302, 0]
[2361, 4]
[2506, 5]
[3191, 6]
[4501, 9]
[1613, 3]
[352, 0]
[2098, 4]
[732, 1]
[4256, 8]
[2238, 4]
[4042, 8]
[4875, 9]
[592, 1]
[4629, 9]
[1229, 2]
[2145, 4]
[646, 1]
[4218, 8]
[3104, 6]
[3387, 6]
[2193, 4]
[1828, 3]
[1893, 3]
[4011, 8]
[639, 1]
[1083, 2]
[148, 0]
[813, 1]
[2754, 5]
[2583, 5]
[2139, 4]
[2258, 4]
[1652, 3]
[2845, 5]
[4155, 8]
[3013, 6]
[2232, 4]
[3641, 7]
[3393, 6]
[4820, 9]
[582, 1]
[149, 0]
[1332, 2]
[4255, 8]
[1216, 2]
[1709, 3]
[4634, 9]
[3728, 7]
[4337, 8]
[2639, 5]
[2205, 4]
[2714, 5]
[217, 0]
[1067, 2]
[2605, 5]
[4520, 9]
[197, 0]
[33, 0]
[1109, 2]
[3770, 7]
[3814, 7]
[1236, 2]
[313, 0]
[1046, 2]
[3209, 6]
[871, 1]
[2184, 4]
[3356, 6]
[3129, 6]
[4172, 8]
[373, 0]
[4885, 9]
[1195, 2]
[2312, 4]
[2703, 5]
[2816, 5]
[1117, 2]
[1655, 3]
[644, 1]
[3319, 6]
[1531, 3]
[1510, 3]
[4874, 9]
[2807, 5]
[2083, 4]
[1768, 3]
[529, 1]
[4738, 9]
[1296, 2]
[3312, 6]
[2685, 5]
[1185, 2]
[3871, 7]
[3606, 7]
[3330, 6]
[3400, 6]
[2869, 5]
[1309, 2]
[1074, 2]
[2285, 4]
[1294, 2]
[3570, 7]
[3108, 6]
[4750, 9]
[4364, 8]
[4514, 9]
[4892, 9]
[4568, 9]
[2097, 4]
[150, 0]
[2198, 4]
[7, 0]
[754, 1]
[1758, 3]
[1389, 2]
[4359, 8]
[2584, 5]
[4760, 9]
[1609, 3]
[2171, 4]
[2019, 4]
[4059, 8]
[1889, 3]
[2653, 5]
[156, 0]
[624, 1]
[1698, 3]
[4887, 9]
[530, 1]
[2550, 5]
[1557, 3]
[2201, 4]
[2752, 5]
[2655, 5]
[1587, 3]
[137, 0]
[2782, 5]
[100, 0]
[4170, 8]
[3166, 6]
[1687, 3]
[3154, 6]
[1858, 3]
[4092, 8]
[3344, 6]
[3270, 6]
[2033, 4]
[3790, 7]
[1285, 2]
[3640, 7]
[4275, 8]
[1786, 3]
[2351, 4]
[1620, 3]
[1323, 2]
[4145, 8]
[3299, 6]
[230, 0]
[1261, 2]
[1201, 2]
[1094, 2]
[4395, 8]
[1763, 3]
[4782, 9]
[2116, 4]
[2656, 5]
[269, 0]
[790, 1]
[2307, 4]
[4324, 8]
[242, 0]
[4691, 9]
[4279, 8]
[614, 1]
[3310, 6]
[1715, 3]
[1733, 3]
[49, 0]
[4391, 8]
[354, 0]
[2631, 5]
[1756, 3]
[736, 1]
[513, 1]
[3694, 7]
[4339, 8]
[237, 0]
[3832, 7]
[2760, 5]
[2786, 5]
[2510, 5]
[1631, 3]
[3258, 6]
[809, 1]
[1143, 2]
[4258, 8]
[642, 1]
[1789, 3]
[2607, 5]
[273, 0]
[210, 0]
[2229, 4]
[599, 1]
[1731, 3]
[1317, 2]
[4868, 9]
[56, 0]
[2256, 4]
[2400, 4]
[2895, 5]
[4865, 9]
[2634, 5]
[3232, 6]
[3042, 6]
[4393, 8]
[1147, 2]
[218, 0]
[2832, 5]
[4078, 8]
[209, 0]
[2648, 5]
[3557, 7]
[2151, 4]
[1602, 3]
[2734, 5]
[133, 0]
[2576, 5]
[4095, 8]
[3835, 7]
[4158, 8]
[4287, 8]
[3341, 6]
[141, 0]
[3194, 6]
[2050, 4]
[1590, 3]
[3011, 6]
[2153, 4]
[2100, 4]
[2738, 5]
[233, 0]
[4141, 8]
[696, 1]
[3206, 6]
[3750, 7]
[4033, 8]
[4836, 9]
[3259, 6]
[758, 1]
[807, 1]
[2134, 4]
[1736, 3]
[765, 1]
[3558, 7]
[1799, 3]
[1728, 3]
[883, 1]
[1338, 2]
[1013, 2]
[3604, 7]
[1653, 3]
[3040, 6]
[245, 0]
[1305, 2]
[846, 1]
[1834, 3]
[187, 0]
[1506, 3]
[303, 0]
[3502, 7]
[1400, 2]
[3177, 6]
[4245, 8]
[2388, 4]
[2784, 5]
[110, 0]
[4328, 8]
[2858, 5]
[4209, 8]
[1564, 3]
[4801, 9]
[4375, 8]
[87, 0]
[1520, 3]
[564, 1]
[2659, 5]
[72, 0]
[229, 0]
[590, 1]
[3066, 6]
[851, 1]
[2363, 4]
[1706, 3]
[1627, 3]
[1527, 3]
[280, 0]
[239, 0]
[1101, 2]
[2747, 5]
[4675, 9]
[3079, 6]
[1637, 3]
[4293, 8]
[3663, 7]
[1106, 2]
[4051, 8]
[1282, 2]
[4301, 8]
[3853, 7]
[1240, 2]
[1884, 3]
[799, 1]
[675, 1]
[4007, 8]
[695, 1]
[4639, 9]
[1281, 2]
[263, 0]
[1397, 2]
[1600, 3]
[1052, 2]
[68, 0]
[4810, 9]
[2122, 4]
[4072, 8]
[16, 0]
[1811, 3]
[1840, 3]
[1581, 3]
[2883, 5]
[1246, 2]
[802, 1]
[601, 1]
[4648, 9]
[2682, 5]
[768, 1]
[3257, 6]
[715, 1]
[2686, 5]
[88, 0]
[710, 1]
[4614, 9]
[613, 1]
[1539, 3]
[1166, 2]
[3635, 7]
[2283, 4]
[559, 1]
[3061, 6]
[2273, 4]
[256, 0]
[4569, 9]
[2617, 5]
[4685, 9]
[661, 1]
[1245, 2]
[4616, 9]
[4508, 9]
[2360, 4]
[37, 0]
[4253, 8]
[105, 0]
[4304, 8]
[3349, 6]
[2024, 4]
[1888, 3]
[3633, 7]
[565, 1]
[1152, 2]
[2736, 5]
[1802, 3]
[2699, 5]
[3052, 6]
[4794, 9]
[2295, 4]
[4895, 9]
[3675, 7]
[3724, 7]
[3322, 6]
[75, 0]
[3581, 7]
[2891, 5]
[4319, 8]
[4523, 9]
[1171, 2]
[1164, 2]
[2170, 4]
[2820, 5]
[2594, 5]
[1702, 3]
[1029, 2]
[2652, 5]
[167, 0]
[4899, 9]
[1307, 2]
[4525, 9]
[380, 0]
[2872, 5]
[1628, 3]
[4848, 9]
[1076, 2]
[91, 0]
[171, 0]
[3247, 6]
[3395, 6]
[2303, 4]
[2589, 5]
[1647, 3]
[158, 0]
[2651, 5]
[205, 0]
[3149, 6]
[1027, 2]
[4708, 9]
[3777, 7]
[674, 1]
[1742, 3]
[579, 1]
[2857, 5]
[1735, 3]
[583, 1]
[1700, 3]
[84, 0]
[276, 0]
[1003, 2]
[95, 0]
[1524, 3]
[3329, 6]
[2148, 4]
[1364, 2]
[2140, 4]
[3196, 6]
[521, 1]
[1376, 2]
[164, 0]
[290, 0]
[85, 0]
[3160, 6]
[2683, 5]
[2332, 4]
[1303, 2]
[2561, 5]
[2793, 5]
[1215, 2]
[2101, 4]
[4845, 9]
[689, 1]
[3650, 7]
[2092, 4]
[3141, 6]
[299, 0]
[2255, 4]
[4244, 8]
[4694, 9]
[4592, 9]
[2531, 5]
[4787, 9]
[2850, 5]
[2740, 5]
[2144, 4]
[309, 0]
[1714, 3]
[4581, 9]
[3879, 7]
[2310, 4]
[2181, 4]
[151, 0]
[2538, 5]
[2314, 4]
[637, 1]
[396, 0]
[1824, 3]
[2681, 5]
[2896, 5]
[618, 1]
[2680, 5]
[643, 1]
[3112, 6]
[2511, 5]
[2764, 5]
[1730, 3]
[1689, 3]
[201, 0]
[1668, 3]
[797, 1]
[4567, 9]
[3862, 7]
[2146, 4]
[731, 1]
[2026, 4]
[3178, 6]
[3019, 6]
[3060, 6]
[2717, 5]
[3006, 6]
[2235, 4]
[506, 1]
[2029, 4]
[3377, 6]
[189, 0]
[1203, 2]
[3673, 7]
[4754, 9]
[1165, 2]
[4354, 8]
[1720, 3]
[3680, 7]
[4246, 8]
[1717, 3]
[4387, 8]
[1639, 3]
[2887, 5]
[1047, 2]
[2815, 5]
[320, 0]
[3251, 6]
[2773, 5]
[834, 1]
[3598, 7]
[4093, 8]
[1057, 2]
[1273, 2]
[1682, 3]
[2318, 4]
[3529, 7]
[651, 1]
[3182, 6]
[116, 0]
[657, 1]
[1238, 2]
[3796, 7]
[1226, 2]
[4638, 9]
[4230, 8]
[2792, 5]
[1072, 2]
[1271, 2]
[1018, 2]
[2014, 4]
[323, 0]
[1044, 2]
[1365, 2]
[2289, 4]
[2785, 5]
[524, 1]
[2030, 4]
[2809, 5]
[4215, 8]
[4532, 9]
[2624, 5]
[3088, 6]
[4124, 8]
[2287, 4]
[2396, 4]
[2660, 5]
[3524, 7]
[294, 0]
[281, 0]
[1777, 3]
[4819, 9]
[1049, 2]
[4123, 8]
[4590, 9]
[80, 0]
[3839, 7]
[129, 0]
[2362, 4]
[1098, 2]
[2076, 4]
[1179, 2]
[1170, 2]
[2188, 4]
[2286, 4]
[155, 0]
[870, 1]
[4663, 9]
[1335, 2]
[4237, 8]
[4127, 8]
[3228, 6]
[63, 0]
[3300, 6]
[1292, 2]
[1204, 2]
[4031, 8]
[2349, 4]
[2779, 5]
[22, 0]
[1276, 2]
[3638, 7]
[1594, 3]
[890, 1]
[2721, 5]
[2512, 5]
[863, 1]
[1349, 2]
[677, 1]
[3321, 6]
[1120, 2]
[3171, 6]
[4552, 9]
[20, 0]
[4285, 8]
[4316, 8]
[4506, 9]
[4671, 9]
[3127, 6]
[2691, 5]
[2838, 5]
[4613, 9]
[2386, 4]
[4388, 8]
[718, 1]
[3195, 6]
[2060, 4]
[3755, 7]
[3062, 6]
[1630, 3]
[2504, 5]
[2334, 4]
[3150, 6]
[2306, 4]
[3064, 6]
[4536, 9]
[2855, 5]
[2544, 5]
[1089, 2]
[3072, 6]
[2694, 5]
[250, 0]
[3017, 6]
[608, 1]
[325, 0]
[3288, 6]
[3133, 6]
[4678, 9]
[3005, 6]
[1604, 3]
[4771, 9]
[1726, 3]
[804, 1]
[3, 0]
[4806, 9]
[271, 0]
[1836, 3]
[3607, 7]
[4666, 9]
[2613, 5]
[784, 1]
[2645, 5]
[3548, 7]
[634, 1]
[1541, 3]
[3383, 6]
[3058, 6]
[4019, 8]
[1345, 2]
[4710, 9]
[2215, 4]
[4817, 9]
[1123, 2]
[4744, 9]
[2776, 5]
[549, 1]
[3082, 6]
[1561, 3]
[2213, 4]
[1017, 2]
[3881, 7]
[315, 0]
[3336, 6]
[4873, 9]
[1646, 3]
[3748, 7]
[1111, 2]
[3167, 6]
[2545, 5]
[1337, 2]
[2839, 5]
[3586, 7]
[1891, 3]
[127, 0]
[330, 0]
[655, 1]
[3648, 7]
[4261, 8]
[602, 1]
[3563, 7]
[538, 1]
[1161, 2]
[2128, 4]
[4290, 8]
[143, 0]
[811, 1]
[2197, 4]
[2524, 5]
[1079, 2]
[1515, 3]
[1124, 2]
[3889, 7]
[208, 0]
[2378, 4]
[2871, 5]
[4371, 8]
[192, 0]
[4867, 9]
[3303, 6]
[3184, 6]
[4676, 9]
[4900, 9]
[2761, 5]
[3116, 6]
[3068, 6]
[2828, 5]
[10, 0]
[249, 0]
[3649, 7]
[1832, 3]
[4284, 8]
[2520, 5]
[1381, 2]
[3317, 6]
[2394, 4]
[2640, 5]
[4397, 8]
[3658, 7]
[3666, 7]
[2072, 4]
[1136, 2]
[41, 0]
[4036, 8]
[47, 0]
[4813, 9]
[2844, 5]
[3193, 6]
[1220, 2]
[894, 1]
[2897, 5]
[1665, 3]
[1670, 3]
[3893, 7]
[4889, 9]
[4329, 8]
[1511, 3]
[1695, 3]
[2053, 4]
[1373, 2]
[4645, 9]
[3099, 6]
[3521, 7]
[2384, 4]
[3843, 7]
[4234, 8]
[338, 0]
[4504, 9]
[4505, 9]
[3278, 6]
[1299, 2]
[1326, 2]
[4318, 8]
[1069, 2]
[4740, 9]
[4202, 8]
[708, 1]
[1573, 3]
[4699, 9]
[3507, 7]
[1853, 3]
[2795, 5]
[180, 0]
[3615, 7]
[4207, 8]
[3360, 6]
[575, 1]
[777, 1]
[1829, 3]
[1578, 3]
[4854, 9]
[108, 0]
[3847, 7]
[2366, 4]
[3357, 6]
[130, 0]
[4776, 9]
[3610, 7]
[1313, 2]
[1068, 2]
[772, 1]
[2319, 4]
[2040, 4]
[3161, 6]
[4156, 8]
[2625, 5]
[2106, 4]
[3867, 7]
[3885, 7]
[627, 1]
[3866, 7]
[794, 1]
[4071, 8]
[2166, 4]
[681, 1]
[3235, 6]
[889, 1]
[1848, 3]
[1259, 2]
[1314, 2]
[4731, 9]
[1512, 3]
[762, 1]
[62, 0]
[1624, 3]
[2557, 5]
[1871, 3]
[355, 0]
[157, 0]
[4814, 9]
[4350, 8]
[3546, 7]
[4024, 8]
[3015, 6]
[2031, 4]
[2249, 4]
[4308, 8]
[2111, 4]
[1210, 2]
[236, 0]
[3172, 6]
[3152, 6]
[526, 1]
[2162, 4]
[2011, 4]
[1863, 3]
[3804, 7]
[212, 0]
[4589, 9]
[162, 0]
[3774, 7]
[3508, 7]
[4135, 8]
[223, 0]
[2570, 5]
[3654, 7]
[258, 0]
[4673, 9]
[3047, 6]
[2852, 5]
[1078, 2]
[698, 1]
[4137, 8]
[3541, 7]
[2058, 4]
[2297, 4]
[244, 0]
[3578, 7]
[4144, 8]
[1819, 3]
[1217, 2]
[4777, 9]
[4602, 9]
[3713, 7]
[3731, 7]
[2748, 5]
[3279, 6]
[4252, 8]
[4741, 9]
[876, 1]
[1176, 2]
[254, 0]
[363, 0]
[4309, 8]
[4271, 8]
[2623, 5]
[1092, 2]
[1151, 2]
[833, 1]
[847, 1]
[4173, 8]
[3074, 6]
[1676, 3]
[3861, 7]
[1651, 3]
[195, 0]
[285, 0]
[1660, 3]
[2065, 4]
[4152, 8]
[1304, 2]
[792, 1]
[4593, 9]
[1870, 3]
[3301, 6]
[1771, 3]
[4049, 8]
[3083, 6]
[2518, 5]
[2376, 4]
[1781, 3]
[2862, 5]
[1283, 2]
[591, 1]
[1344, 2]
[4538, 9]
[1833, 3]
[1327, 2]
[1778, 3]
[1070, 2]
[1761, 3]
[3660, 7]
[2064, 4]
[317, 0]
[837, 1]
[2263, 4]
[4821, 9]
[596, 1]
[667, 1]
[4048, 8]
[3669, 7]
[2276, 4]
[2666, 5]
[2385, 4]
[356, 0]
[4310, 8]
[4151, 8]
[741, 1]
[3084, 6]
[3514, 7]
[4610, 9]
[4131, 8]
[3759, 7]
[517, 1]
[774, 1]
[1085, 2]
[4083, 8]
[1560, 3]
[305, 0]
[1509, 3]
[3573, 7]
[1546, 3]
[668, 1]
[3838, 7]
[3337, 6]
[711, 1]
[3833, 7]
[4342, 8]
[3192, 6]
[2251, 4]
[3093, 6]
[378, 0]
[4886, 9]
[1612, 3]
[2780, 5]
[4250, 8]
[13, 0]
[864, 1]
[688, 1]
[1055, 2]
[4260, 8]
[1694, 3]
[2266, 4]
[1513, 3]
[4043, 8]
[1508, 3]
[1555, 3]
[4755, 9]
[1187, 2]
[4847, 9]
[194, 0]
[2900, 5]
[581, 1]
[2882, 5]
[786, 1]
[2636, 5]
[2323, 4]
[1716, 3]
[3857, 7]
[2245, 4]
[3132, 6]
[1004, 2]
[726, 1]
[2833, 5]
[4688, 9]
[587, 1]
[4163, 8]
[3170, 6]
[1163, 2]
[2573, 5]
[3168, 6]
[2103, 4]
[2105, 4]
[3346, 6]
[2054, 4]
[4313, 8]
[1289, 2]
[3872, 7]
[527, 1]
[4626, 9]
[4607, 9]
[734, 1]
[3562, 7]
[3726, 7]
[1767, 3]
[793, 1]
[1844, 3]
[3030, 6]
[4834, 9]
[4327, 8]
[3773, 7]
[2626, 5]
[1855, 3]
[3352, 6]
[1231, 2]
[4227, 8]
[4559, 9]
[312, 0]
[2055, 4]
[3647, 7]
[1882, 3]
[4369, 8]
[1006, 2]
[4720, 9]
[4180, 8]
[4177, 8]
[4557, 9]
[4711, 9]
[3803, 7]
[3340, 6]
[1255, 2]
[1096, 2]
[3686, 7]
[680, 1]
[2210, 4]
[2336, 4]
[3819, 7]
[4113, 8]
[3240, 6]
[4818, 9]
[1104, 2]
[4085, 8]
[4841, 9]
[1134, 2]
[226, 0]
[1626, 3]
[3265, 6]
[318, 0]
[3630, 7]
[2265, 4]
[335, 0]
[2299, 4]
[4775, 9]
[2163, 4]
[1390, 2]
[4846, 9]
[2247, 4]
[1679, 3]
[860, 1]
[4769, 9]
[1877, 3]
[4185, 8]
[4126, 8]
[885, 1]
[3326, 6]
[2696, 5]
[3714, 7]
[3576, 7]
[3545, 7]
[1222, 2]
[701, 1]
[853, 1]
[3110, 6]
[1810, 3]
[2367, 4]
[2708, 5]
[1387, 2]
[1697, 3]
[3844, 7]
[4687, 9]
[3710, 7]
[1253, 2]
[2638, 5]
[97, 0]
[4030, 8]
[1603, 3]
[2671, 5]
[2669, 5]
[2090, 4]
[1607, 3]
[2529, 5]
[3583, 7]
[24, 0]
[3771, 7]
[2559, 5]
[2678, 5]
[2642, 5]
[4653, 9]
[3695, 7]
[252, 0]
[705, 1]
[4835, 9]
[106, 0]
[4842, 9]
[4115, 8]
[566, 1]
[1729, 3]
[4516, 9]
[3780, 7]
[3027, 6]
[739, 1]
[3744, 7]
[2527, 5]
[4386, 8]
[3004, 6]
[4105, 8]
[2565, 5]
[241, 0]
[1206, 2]
[1353, 2]
[2199, 4]
[4320, 8]
[2698, 5]
[1507, 3]
[1681, 3]
[2664, 5]
[2536, 5]
[3671, 7]
[219, 0]
[232, 0]
[823, 1]
[1849, 3]
[140, 0]
[2398, 4]
[1538, 3]
[2109, 4]
[2608, 5]
[4748, 9]
[1837, 3]
[174, 0]
[2137, 4]
[324, 0]
[2136, 4]
[3897, 7]
[2364, 4]
[3837, 7]
[4722, 9]
[289, 0]
[2775, 5]
[3556, 7]
[4783, 9]
[1086, 2]
[4356, 8]
[3214, 6]
[742, 1]
[292, 0]
[2521, 5]
[3808, 7]
[234, 0]
[172, 0]
[1749, 3]
[1672, 3]
[835, 1]
[4146, 8]
[1896, 3]
[2260, 4]
[717, 1]
[4864, 9]
[2282, 4]
[3801, 7]
[1348, 2]
[2327, 4]
[310, 0]
[3148, 6]
[4896, 9]
[4576, 9]
[4129, 8]
[3799, 7]
[3842, 7]
[3335, 6]
[1566, 3]
[1130, 2]
[2517, 5]
[1158, 2]
[2819, 5]
[3845, 7]
[3685, 7]
[1633, 3]
[1582, 3]
[2860, 5]
[3699, 7]
[4281, 8]
[1737, 3]
[4600, 9]
[375, 0]
[4132, 8]
[1675, 3]
[884, 1]
[3389, 6]
[1132, 2]
[4747, 9]
[4773, 9]
[628, 1]
[1794, 3]
[2046, 4]
[4809, 9]
[1137, 2]
[3582, 7]
[545, 1]
[3332, 6]
[2606, 5]
[359, 0]
[3705, 7]
[1558, 3]
[1322, 2]
[3200, 6]
[898, 1]
[199, 0]
[1223, 2]
[3111, 6]
[3046, 6]
[4189, 8]
[4522, 9]
[228, 0]
[4561, 9]
[3597, 7]
[1673, 3]
[4852, 9]
[3120, 6]
[1205, 2]
[4190, 8]
[4765, 9]
[4633, 9]
[1699, 3]
[383, 0]
[4242, 8]
[3043, 6]
[3089, 6]
[31, 0]
[4241, 8]
[2602, 5]
[1788, 3]
[2321, 4]
[3245, 6]
[255, 0]
[96, 0]
[4808, 9]
[2308, 4]
[2870, 5]
[1880, 3]
[4717, 9]
[1277, 2]
[1576, 3]
[3594, 7]
[4018, 8]
[334, 0]
[2084, 4]
[2547, 5]
[161, 0]
[3738, 7]
[3107, 6]
[750, 1]
[4798, 9]
[1012, 2]
[3190, 6]
[15, 0]
[3024, 6]
[2237, 4]
[1872, 3]
[2119, 4]
[1178, 2]
[371, 0]
[4104, 8]
[1063, 2]
[3810, 7]
[4758, 9]
[3566, 7]
[2125, 4]
[2292, 4]
[4858, 9]
[153, 0]
[2533, 5]
[3081, 6]
[872, 1]
[112, 0]
[2501, 5]
[3327, 6]
[2519, 5]
[4742, 9]
[385, 0]
[2687, 5]
[2007, 4]
[3530, 7]
[2025, 4]
[895, 1]
[1180, 2]
[4739, 9]
[4779, 9]
[2392, 4]
[3664, 7]
[3896, 7]
[3602, 7]
[3822, 7]
[21, 0]
[3859, 7]
[70, 0]
[2057, 4]
[4670, 9]
[3672, 7]
[2661, 5]
[3187, 6]
[1200, 2]
[2543, 5]
[2567, 5]
[301, 0]
[48, 0]
[3382, 6]
[257, 0]
[1242, 2]
[1366, 2]
[1011, 2]
[3895, 7]
[3715, 7]
[1198, 2]
[2791, 5]
[3747, 7]
[2846, 5]
[803, 1]
[761, 1]
[4191, 8]
[1724, 3]
[2335, 4]
[4562, 9]
[1597, 3]
[2372, 4]
[4382, 8]
[2189, 4]
[840, 1]
[3207, 6]
[501, 1]
[4168, 8]
[253, 0]
[3096, 6]
[4778, 9]
[3543, 7]
[4686, 9]
[3614, 7]
[3135, 6]
[4871, 9]
[597, 1]
[4649, 9]
[4016, 8]
[1330, 2]
[3613, 7]
[743, 1]
[4837, 9]
[2600, 5]
[1190, 2]
[198, 0]
[2735, 5]
[727, 1]
[4749, 9]
[4349, 8]
[3719, 7]
[1787, 3]
[3701, 7]
[4849, 9]
[4114, 8]
[259, 0]
[4205, 8]
[266, 0]
[3691, 7]
[2757, 5]
[3105, 6]
[1209, 2]
[4296, 8]
[1713, 3]
[4098, 8]
[247, 0]
[3236, 6]
[4130, 8]
[4766, 9]
[300, 0]
[1580, 3]
[2743, 5]
[4073, 8]
[629, 1]
[1040, 2]
[623, 1]
[2633, 5]
[3227, 6]
[2165, 4]
[3124, 6]
[4527, 9]
[4709, 9]
[341, 0]
[2395, 4]
[1606, 3]
[60, 0]
[3254, 6]
[2135, 4]
[3735, 7]
[850, 1]
[1549, 3]
[821, 1]
[3883, 7]
[345, 0]
[4243, 8]
[2722, 5]
[2089, 4]
[1806, 3]
[1783, 3]
[1666, 3]
[2890, 5]
[4753, 9]
[3778, 7]
[3140, 6]
[1516, 3]
[3656, 7]
[1077, 2]
[4376, 8]
[4305, 8]
[2141, 4]
[1160, 2]
[328, 0]
[4860, 9]
[609, 1]
[3830, 7]
[4512, 9]
[4347, 8]
[838, 1]
[1378, 2]
[1007, 2]
[4297, 8]
[3159, 6]
[1800, 3]
[2824, 5]
[3097, 6]
[3706, 7]
[3020, 6]
[3131, 6]
[3144, 6]
[2175, 4]
[3147, 6]
[3086, 6]
[3069, 6]
[2004, 4]
[1577, 3]
[4575, 9]
[3375, 6]
[1659, 3]
[2077, 4]
[4058, 8]
[1084, 2]
[4767, 9]
[4182, 8]
[4890, 9]
[4334, 8]
[1669, 3]
[2704, 5]
[4583, 9]
[365, 0]
[1108, 2]
[3679, 7]
[2789, 5]
[1250, 2]
[2657, 5]
[512, 1]
[1686, 3]
[3056, 6]
[4781, 9]
[2695, 5]
[3795, 7]
[4361, 8]
[4134, 8]
[2753, 5]
[231, 0]
[326, 0]
[2182, 4]
[4267, 8]
[2620, 5]
[1272, 2]
[3794, 7]
[3787, 7]
[1325, 2]
[45, 0]
[296, 0]
[4725, 9]
[723, 1]
[4752, 9]
[381, 0]
[4200, 8]
[3125, 6]
[4224, 8]
[2152, 4]
[2062, 4]
[1822, 3]
[3652, 7]
[1320, 2]
[4838, 9]
[3662, 7]
[4894, 9]
[4195, 8]
[4286, 8]
[788, 1]
[578, 1]
[773, 1]
[1759, 3]
[4571, 9]
[4831, 9]
[159, 0]
[395, 0]
[4618, 9]
[1554, 3]
[2879, 5]
[4563, 9]
[3262, 6]
[2043, 4]
[1392, 2]
[3751, 7]
[4380, 8]
[4037, 8]
[697, 1]
[4063, 8]
[1579, 3]
[2290, 4]
[4025, 8]
[845, 1]
[4855, 9]
[168, 0]
[822, 1]
[2766, 5]
[574, 1]
[1518, 3]
[4693, 9]
[2371, 4]
[4383, 8]
[2018, 4]
[2195, 4]
[4605, 9]
[2387, 4]
[4712, 9]
[1741, 3]
[1301, 2]
[2082, 4]
[179, 0]
[532, 1]
[28, 0]
[1105, 2]
[4111, 8]
[3311, 6]
[1809, 3]
[4617, 9]
[2317, 4]
[306, 0]
[3021, 6]
[1131, 2]
[4201, 8]
[2549, 5]
[2157, 4]
[173, 0]
[3128, 6]
[4212, 8]
[2558, 5]
[3271, 6]
[1265, 2]
[2886, 5]
[4803, 9]
[2837, 5]
[2668, 5]
[1818, 3]
[4584, 9]
[503, 1]
[3827, 7]
[2654, 5]
[3616, 7]
[1525, 3]
[3145, 6]
[3212, 6]
[4311, 8]
[43, 0]
[4060, 8]
[842, 1]
[4013, 8]
[2267, 4]
[3318, 6]
[272, 0]
[4225, 8]
[177, 0]
[3323, 6]
[3743, 7]
[1025, 2]
[4196, 8]
[2707, 5]
[1256, 2]
[3313, 6]
[1087, 2]
[1141, 2]
[1088, 2]
[3608, 7]
[4543, 9]
[2178, 4]
[1674, 3]
[3151, 6]
[4340, 8]
[1764, 3]
[2808, 5]
[2899, 5]
[3018, 6]
[1599, 3]
[1535, 3]
[4840, 9]
[1814, 3]
[3085, 6]
[1610, 3]
[3201, 6]
[3637, 7]
[2243, 4]
[2214, 4]
[4898, 9]
[3632, 7]
[1064, 2]
[1574, 3]
[3565, 7]
[740, 1]
[93, 0]
[1350, 2]
[3049, 6]
[1690, 3]
[3320, 6]
[4239, 8]
[4217, 8]
[4220, 8]
[522, 1]
[2390, 4]
[3180, 6]
[3080, 6]
[3355, 6]
[4815, 9]
[4715, 9]
[2772, 5]
[533, 1]
[4876, 9]
[4827, 9]
[712, 1]
[2802, 5]
[2063, 4]
[238, 0]
[2644, 5]
[849, 1]
[3385, 6]
[1128, 2]
[572, 1]
[2302, 4]
[1212, 2]
[1367, 2]
[2352, 4]
[2277, 4]
[805, 1]
[2070, 4]
[4689, 9]
[1354, 2]
[3051, 6]
[1813, 3]
[2168, 4]
[3892, 7]
[4790, 9]
[2847, 5]
[3852, 7]
[2593, 5]
[1780, 3]
[3875, 7]
[666, 1]
[2124, 4]
[270, 0]
[4107, 8]
[4120, 8]
[291, 0]
[3574, 7]
[4851, 9]
[3501, 7]
[3537, 7]
[1194, 2]
[3369, 6]
[1159, 2]
[3162, 6]
[374, 0]
[1773, 3]
[3757, 7]
[2172, 4]
[2843, 5]
[1095, 2]
[3645, 7]
[896, 1]
[2851, 5]
[297, 0]
[1745, 3]
[800, 1]
[3139, 6]
[619, 1]
[3394, 6]
[66, 0]
[2821, 5]
[369, 0]
[2560, 5]
[3034, 6]
[1750, 3]
[856, 1]
[2522, 5]
[3806, 7]
[1825, 3]
[4299, 8]
[2768, 5]
[18, 0]
[2794, 5]
[3820, 7]
[2814, 5]
[3264, 6]
[1775, 3]
[2186, 4]
[2085, 4]
[4187, 8]
[703, 1]
[4372, 8]
[3359, 6]
[3078, 6]
[2313, 4]
[1748, 3]
[4125, 8]
[1312, 2]
[370, 0]
[4540, 9]
[2673, 5]
[3532, 7]
[2591, 5]
[1638, 3]
[3737, 7]
[368, 0]
[4089, 8]
[214, 0]
[3511, 7]
[829, 1]
[2585, 5]
[126, 0]
[541, 1]
[2830, 5]
[1075, 2]
[585, 1]
[687, 1]
[1156, 2]
[4735, 9]
[1614, 3]
[4832, 9]
[3275, 6]
[1059, 2]
[2746, 5]
[4150, 8]
[1866, 3]
[3260, 6]
[3220, 6]
[3590, 7]
[3277, 6]
[604, 1]
[366, 0]
[3585, 7]
[1362, 2]
[755, 1]
[235, 0]
[2212, 4]
[4861, 9]
[2834, 5]
[4149, 8]
[2, 0]
[4764, 9]
[4528, 9]
[1608, 3]
[2615, 5]
[4698, 9]
[1615, 3]
[2087, 4]
[4012, 8]
[2825, 5]
[735, 1]
[3579, 7]
[384, 0]
[2066, 4]
[2632, 5]
[682, 1]
[3789, 7]
[2534, 5]
[4236, 8]
[1081, 2]
[2758, 5]
[2013, 4]
[4716, 9]
[1319, 2]
[3044, 6]
[573, 1]
[2676, 5]
[118, 0]
[2393, 4]
[2540, 5]
[1157, 2]
[2373, 4]
[4197, 8]
[4121, 8]
[4353, 8]
[4797, 9]
[3165, 6]
[3136, 6]
[30, 0]
[4199, 8]
[568, 1]
[3272, 6]
[1640, 3]
[4679, 9]
[640, 1]
[1892, 3]
[4174, 8]
[4641, 9]
[90, 0]
[3792, 7]
[1591, 3]
[1851, 3]
[4076, 8]
[2357, 4]
[1357, 2]
[4697, 9]
[2502, 5]
[669, 1]
[2599, 5]
[780, 1]
[3065, 6]
[4099, 8]
[4179, 8]
[3712, 7]
[1852, 3]
[163, 0]
[268, 0]
[2331, 4]
[2893, 5]
[3225, 6]
[1739, 3]
[2220, 4]
[4882, 9]
[2133, 4]
[2817, 5]
[1341, 2]
[3314, 6]
[3826, 7]
[3202, 6]
[3688, 7]
[4736, 9]
[3198, 6]
[262, 0]
[2849, 5]
[1347, 2]
[3618, 7]
[3284, 6]
[321, 0]
[756, 1]
[3223, 6]
[2568, 5]
[176, 0]
[900, 1]
[2274, 4]
[2616, 5]
[2143, 4]
[117, 0]
[4606, 9]
[4652, 9]
[4681, 9]
[1817, 3]
[1875, 3]
[2889, 5]
[319, 0]
[879, 1]
[2123, 4]
[4017, 8]
[4668, 9]
[3717, 7]
[3745, 7]
[2016, 4]
[3600, 7]
[4862, 9]
[138, 0]
[3639, 7]
[3617, 7]
[1874, 3]
[3268, 6]
[4635, 9]
[1371, 2]
[2051, 4]
[332, 0]
[4362, 8]
[2739, 5]
[782, 1]
[636, 1]
[1890, 3]
[508, 1]
[2841, 5]
[146, 0]
[3601, 7]
[1144, 2]
[3510, 7]
[1284, 2]
[1887, 3]
[351, 0]
[4534, 9]
[882, 1]
[2579, 5]
[3249, 6]
[560, 1]
[4700, 9]
[2185, 4]
[4080, 8]
[1664, 3]
[3681, 7]
[1678, 3]
[819, 1]
[1752, 3]
[3899, 7]
[806, 1]
[3596, 7]
[2056, 4]
[1536, 3]
[1544, 3]
[888, 1]
[240, 0]
[2542, 5]
[3834, 7]
[586, 1]
[2873, 5]
[4839, 9]
[509, 1]
[3535, 7]
[1385, 2]
[393, 0]
[1196, 2]
[4883, 9]
[4330, 8]
[4263, 8]
[1569, 3]
[3362, 6]
[3741, 7]
[3055, 6]
[1803, 3]
[3256, 6]
[4257, 8]
[748, 1]
[2241, 4]
[595, 1]
[4069, 8]
[1765, 3]
[730, 1]
[4550, 9]
[139, 0]
[3175, 6]
[3033, 6]
[1056, 2]
[3213, 6]
[2730, 5]
[29, 0]
[2012, 4]
[2861, 5]
[1865, 3]
[1379, 2]
[2344, 4]
[3534, 7]
[1712, 3]
[1790, 3]
[216, 0]
[4027, 8]
[82, 0]
[3567, 7]
[4214, 8]
[3678, 7]
[1533, 3]
[4322, 8]
[2719, 5]
[1260, 2]
[690, 1]
[2380, 4]
[1173, 2]
[2156, 4]
[3693, 7]
[3266, 6]
[881, 1]
[722, 1]
[170, 0]
[2225, 4]
[4188, 8]
[778, 1]
[4537, 9]
[124, 0]
[3156, 6]
[4238, 8]
[4352, 8]
[2259, 4]
[3869, 7]
[2149, 4]
[4843, 9]
[2107, 4]
[3216, 6]
[2667, 5]
[1522, 3]
[519, 1]
[3836, 7]
[2588, 5]
[2278, 4]
[2281, 4]
[4623, 9]
[4062, 8]
[3398, 6]
[4564, 9]
[2261, 4]
[4870, 9]
[3854, 7]
[3553, 7]
[3831, 7]
[2381, 4]
[4026, 8]
[859, 1]
[1552, 3]
[858, 1]
[4761, 9]
[3655, 7]
[2271, 4]
[3287, 6]
[2658, 5]
[2086, 4]
[3366, 6]
[716, 1]
[4211, 8]
[2842, 5]
[1071, 2]
[665, 1]
[3307, 6]
[671, 1]
[2663, 5]
[1211, 2]
[2701, 5]
[3880, 7]
[4560, 9]
[3816, 7]
[4829, 9]
[649, 1]
[2649, 5]
[1391, 2]
[3028, 6]
[4164, 8]
[4745, 9]
[2114, 4]
[333, 0]
[1861, 3]
[3824, 7]
[3687, 7]
[142, 0]
[4086, 8]
[3692, 7]
[4763, 9]
[2330, 4]
[1102, 2]
[3002, 6]
[4175, 8]
[2353, 4]
[184, 0]
[4228, 8]
[1121, 2]
[2268, 4]
[598, 1]
[3113, 6]
[35, 0]
[4788, 9]
[4044, 8]
[4194, 8]
[4341, 8]
[3003, 6]
[3772, 7]
[3812, 7]
[349, 0]
[2853, 5]
[65, 0]
[2293, 4]
[3505, 7]
[1867, 3]
[3036, 6]
[4651, 9]
[2342, 4]
[3215, 6]
[1662, 3]
[2369, 4]
[2052, 4]
[4696, 9]
[1869, 3]
[119, 0]
[3540, 7]
[3157, 6]
[206, 0]
[4040, 8]
[4544, 9]
[79, 0]
[4620, 9]
[4138, 8]
[4587, 9]
[752, 1]
[1264, 2]
[3552, 7]
[1315, 2]
[535, 1]
[679, 1]
[69, 0]
[2397, 4]
[4091, 8]
[2242, 4]
[2578, 5]
[4122, 8]
[57, 0]
[4662, 9]
[3106, 6]
[4802, 9]
[4008, 8]
[1107, 2]
[1001, 2]
[744, 1]
[2159, 4]
[346, 0]
[2750, 5]
[1501, 3]
[293, 0]
[867, 1]
[4596, 9]
[3376, 6]
[282, 0]
[58, 0]
[2246, 4]
[3725, 7]
[4853, 9]
[693, 1]
[3874, 7]
[3531, 7]
[3304, 6]
[3636, 7]
[2675, 5]
[4660, 9]
[3761, 7]
[4035, 8]
[1214, 2]
[3746, 7]
[2647, 5]
[2777, 5]
[2036, 4]
[1398, 2]
[2176, 4]
[3569, 7]
[4647, 9]
[4619, 9]
[3784, 7]
[248, 0]
[2526, 5]
[3316, 6]
[4702, 9]
[4102, 8]
[307, 0]
[594, 1]
[2207, 4]
[4074, 8]
[4116, 8]
[1318, 2]
[2047, 4]
[4355, 8]
[3758, 7]
[107, 0]
[3289, 6]
[1103, 2]
[635, 1]
[2827, 5]
[1184, 2]
[2240, 4]
[3351, 6]
[2206, 4]
[1791, 3]
[546, 1]
[1649, 3]
[4204, 8]
[3100, 6]
[1333, 2]
[3612, 7]
[600, 1]
[2733, 5]
[2391, 4]
[4795, 9]
[528, 1]
[1114, 2]
[4683, 9]
[1015, 2]
[145, 0]
[4566, 9]
[1148, 2]
[3518, 7]
[2158, 4]
[4193, 8]
[1704, 3]
[2592, 5]
[1138, 2]
[2566, 5]
[2835, 5]
[3718, 7]
[548, 1]
[4374, 8]
[1394, 2]
[1642, 3]
[2328, 4]
[3306, 6]
[1169, 2]
[2829, 5]
[1181, 2]
[2553, 5]
[2095, 4]
[4551, 9]
[2546, 5]
[1611, 3]
[181, 0]
[1548, 3]
[1382, 2]
[3626, 7]
[3203, 6]
[178, 0]
[4556, 9]
[2088, 4]
[540, 1]
[3659, 7]
[1192, 2]
[4038, 8]
[3396, 6]
[4165, 8]
[1596, 3]
[3568, 7]
[3690, 7]
[2630, 5]
[1174, 2]
[2712, 5]
[1041, 2]
[222, 0]
[2705, 5]
[2867, 5]
[34, 0]
[3119, 6]
[2120, 4]
[3716, 7]
[2254, 4]
[224, 0]
[3231, 6]
[3661, 7]
[4730, 9]
[2009, 4]
[4857, 9]
[1816, 3]
[2822, 5]
[2788, 5]
[1821, 3]
[3368, 6]
[2204, 4]
[1026, 2]
[3273, 6]
[2069, 4]
[11, 0]
[1540, 3]
[2610, 5]
[4655, 9]
[621, 1]
[3646, 7]
[277, 0]
[3791, 7]
[3102, 6]
[3281, 6]
[1140, 2]
[1812, 3]
[4213, 8]
[382, 0]
[844, 1]
[2347, 4]
[4400, 8]
[4097, 8]
[2248, 4]
[4090, 8]
[2513, 5]
[2609, 5]
[3580, 7]
[4824, 9]
[4291, 8]
[2863, 5]
[221, 0]
[1133, 2]
[3296, 6]
[4897, 9]
[2017, 4]
[4081, 8]
[2333, 4]
[125, 0]
[4367, 8]
[2646, 5]
[3276, 6]
[2525, 5]
[603, 1]
[3877, 7]
[1257, 2]
[2368, 4]
[4169, 8]
[3309, 6]
[1328, 2]
[543, 1]
[4142, 8]
[4088, 8]
[2329, 4]
[4588, 9]
[1547, 3]
[3280, 6]
[2749, 5]
[1374, 2]
[2552, 5]
[182, 0]
[4866, 9]
[3252, 6]
[3189, 6]
[2305, 4]
[4733, 9]
[3823, 7]
[557, 1]
[3218, 6]
[204, 0]
[4366, 8]
[1248, 2]
[2840, 5]
[4891, 9]
[4850, 9]
[4365, 8]
[4625, 9]
[1808, 3]
[2865, 5]
[3098, 6]
[3584, 7]
[783, 1]
[1122, 2]
[1528, 3]
[4282, 8]
[3053, 6]
[4609, 9]
[1754, 3]
[3670, 7]
[3749, 7]
[2614, 5]
[376, 0]
[3290, 6]
[1723, 3]
[1529, 3]
[1237, 2]
[3561, 7]
[2563, 5]
[3684, 7]
[1859, 3]
[1650, 3]
[1293, 2]
[1377, 2]
[3226, 6]
[571, 1]
[77, 0]
[2505, 5]
[1254, 2]
[1298, 2]
[3263, 6]
[3248, 6]
[2228, 4]
[4554, 9]
[4580, 9]
[1830, 3]
[1043, 2]
[1032, 2]
[3766, 7]
[4377, 8]
[3292, 6]
[721, 1]
[3572, 7]
[4056, 8]
[2710, 5]
[1287, 2]
[2884, 5]
[227, 0]
[866, 1]
[1575, 3]
[8, 0]
[1521, 3]
[1710, 3]
[3158, 6]
[737, 1]
[3513, 7]
[2074, 4]
[4002, 8]
[1657, 3]
[2637, 5]
[4816, 9]
[98, 0]
[1636, 3]
[4373, 8]
[4079, 8]
[4533, 9]
[3041, 6]
[664, 1]
[2155, 4]
[2041, 4]
[316, 0]
[757, 1]
[3697, 7]
[1297, 2]
[4276, 8]
[2104, 4]
[2216, 4]
[1519, 3]
[4004, 8]
[3764, 7]
[207, 0]
[4384, 8]
[2564, 5]
[539, 1]
[2324, 4]
[4713, 9]
[816, 1]
[2121, 4]
[1019, 2]
[1815, 3]
[4786, 9]
[878, 1]
[3519, 7]
[1116, 2]
[4570, 9]
[2320, 4]
[3856, 7]
[4103, 8]
[286, 0]
[152, 0]
[2586, 5]
[4878, 9]
[631, 1]
[4705, 9]
[4143, 8]
[160, 0]
[3286, 6]
[136, 0]
[3785, 7]
[4597, 9]
[2677, 5]
[1363, 2]
[1252, 2]
[4247, 8]
[3282, 6]
[2190, 4]
[2595, 5]
[2113, 4]
[3855, 7]
[3611, 7]
[3848, 7]
[2670, 5]
[5, 0]
[53, 0]
[2826, 5]
[2316, 4]
[4154, 8]
[4106, 8]
[4332, 8]
[542, 1]
[3840, 7]
[2689, 5]
[2037, 4]
[2340, 4]
[569, 1]
[1343, 2]
[4289, 8]
[2099, 4]
[1061, 2]
[1886, 3]
[3169, 6]
[3283, 6]
[4064, 8]
[4015, 8]
[339, 0]
[343, 0]
[3331, 6]
[2187, 4]
[4232, 8]
[4295, 8]
[4646, 9]
[1769, 3]
[2765, 5]
[1760, 3]
[3887, 7]
[1221, 2]
[1188, 2]
[4161, 8]
[1182, 2]
[892, 1]
[4229, 8]
[2021, 4]
[707, 1]
[4531, 9]
[4067, 8]
[3858, 7]
[1804, 3]
[2836, 5]
[109, 0]
[3333, 6]
[4594, 9]
[3642, 7]
[111, 0]
[3536, 7]
[3163, 6]
[3734, 7]
[2729, 5]
[1189, 2]
[3733, 7]
[4223, 8]
[1766, 3]
[4302, 8]
[589, 1]
[4723, 9]
[2741, 5]
[386, 0]
[673, 1]
[520, 1]
[4346, 8]
[692, 1]
[4399, 8]
[852, 1]
[274, 0]
[663, 1]
[824, 1]
[3253, 6]
[1021, 2]
[3829, 7]
[196, 0]
[877, 1]
[1368, 2]
[1062, 2]
[3348, 6]
[4273, 8]
[3828, 7]
[2541, 5]
[3297, 6]
[607, 1]
[1035, 2]
[2572, 5]
[3629, 7]
[3783, 7]
[3164, 6]
[638, 1]
[3653, 7]
[4208, 8]
[4306, 8]
[3009, 6]
[749, 1]
[1399, 2]
[353, 0]
[861, 1]
[4303, 8]
[570, 1]
[4770, 9]
[1696, 3]
[2383, 4]
[1618, 3]
[4612, 9]
[1898, 3]
[1110, 2]
[3700, 7]
[364, 0]
[4118, 8]
[897, 1]
[2801, 5]
[4381, 8]
[387, 0]
[1593, 3]
[2650, 5]
[3571, 7]
[3374, 6]
[1634, 3]
[2556, 5]
[3384, 6]
[4333, 8]
[3609, 7]
[554, 1]
[1239, 2]
[4879, 9]
[14, 0]
[817, 1]
[3651, 7]
[4844, 9]
[121, 0]
[2755, 5]
[3767, 7]
[3386, 6]
[2878, 5]
[4502, 9]
[719, 1]
[4014, 8]
[3891, 7]
[683, 1]
[1568, 3]
[2311, 4]
[3605, 7]
[1360, 2]
[4176, 8]
[3864, 7]
[650, 1]
[593, 1]
[694, 1]
[2359, 4]
[314, 0]
[2110, 4]
[267, 0]
[3103, 6]
[4317, 8]
[550, 1]
[3143, 6]
[1644, 3]
[2582, 5]
[1329, 2]
[4724, 9]
[4039, 8]
[1881, 3]
[1112, 2]
[796, 1]
[3224, 6]
[78, 0]
[4799, 9]
[4785, 9]
[2001, 4]
[584, 1]
[3721, 7]
[1876, 3]
[525, 1]
[4, 0]
[504, 1]
[534, 1]
[1258, 2]
[2810, 5]
[2725, 5]
[2823, 5]
[4360, 8]
[567, 1]
[4221, 8]
[2226, 4]
[2674, 5]
[2038, 4]
[1020, 2]
[1680, 3]
[3381, 6]
[3001, 6]
[2221, 4]
[3702, 7]
[891, 1]
[4677, 9]
[1677, 3]
[1034, 2]
[1302, 2]
[3243, 6]
[2877, 5]
[558, 1]
[3620, 7]
[1352, 2]
[2806, 5]
[4392, 8]
[4579, 9]
[3668, 7]
[3176, 6]
[3575, 7]
[1605, 3]
[2339, 4]
[676, 1]
[311, 0]
[3241, 6]
[672, 1]
[4053, 8]
[4828, 9]
[1663, 3]
[733, 1]
[4640, 9]
[759, 1]
[2080, 4]
[3057, 6]
[3325, 6]
[1386, 2]
[2587, 5]
[785, 1]
[4703, 9]
[3371, 6]
[4254, 8]
[3736, 7]
[4672, 9]
[4658, 9]
[3392, 6]
[3229, 6]
[2032, 4]
[2142, 4]
[4363, 8]
[3894, 7]
[874, 1]
[3204, 6]
[92, 0]
[3339, 6]
[3538, 7]
[4394, 8]
[2523, 5]
[2005, 4]
[3522, 7]
[4805, 9]
[2732, 5]
[563, 1]
[4084, 8]
[3740, 7]
[4321, 8]
[3732, 7]
[2300, 4]
[3555, 7]
[76, 0]
[3016, 6]
[3528, 7]
[1233, 2]
[2118, 4]
[1770, 3]
[3039, 6]
[4167, 8]
[2337, 4]
[4509, 9]
[4780, 9]
[3800, 7]
[295, 0]
[3197, 6]
[4511, 9]
[3621, 7]
[86, 0]
[3707, 7]
[4632, 9]
[4370, 8]
[4335, 8]
[3101, 6]
[4615, 9]
[2798, 5]
[3181, 6]
[3378, 6]
[336, 0]
[2173, 4]
[647, 1]
[502, 1]
[3076, 6]
[556, 1]
[1839, 3]
[4601, 9]
[4292, 8]
[3698, 7]
